2855
3338
3473
3476
3477
3518
3546
3581
3583
3610
3613
3624
3639
3642
3643
3644
3676
3689
3692
3708
3730
3744
3747
3750
3756
3759
3778
3779
3782
3787
3796
3819
3820
3821
3822
3844
3845
3846
3849
3850
3861
3864
3879
3885
3894
3895
3897
3898
3900
3901
3905
3908
3911
3912
3919
3921
3926
3956
3957
3968
3971
3981
3999
4001
4011
4019
4042
4063
4075
4094
4118
4119
4124
4128
4141
4143
4144
4153
4160
4170
4186
4189
4195
4205
4210
4215
4232
4246
4247
4258
4270
4271
4272
4283
4285
4306
4314
4327
4328
4376
4979
4981
5015
5035
5057
5165
5171
5177
5182
5196
5241
5291
5321
5342
5343
5348
5570
5606
5690
5766
5836
5848
5886
5889
5915
5971
6016
6054
6078
6115
6133
6154
6224
6238
6244
6245
6251
6341
6380
6432
6454
6467
6496
6502
6540
6561
6602
6605
6610
6666
6680
6711
6749
6787
6920
6947
7023
7037
7041
7046
7081
7098
7127
7138
7158
7206
7210
7213
7229
7253
7255
7304
7317
7383
7444
7527
7556
7590
7596
7623
7634
7639
7650
7671
7780
7835
7853
7917
7923
7924
7932
7960
7992
7995
8003
8011
8023
8029
8045
8113
8118
8121
8123
8129
8165
8175
8187
8194
8201
8210
8220
8221
8321
8356
8357
8405
8573
8662
8663
8678
8717
8759
8843
8908
8938
9001
9043
9100
9147
9227
9265
9281
9286
9300
9378
9443
9448
9598
9619
9656
9666
9673
9798
9815
9895
9899
10051
10094
10136
10137
10182
10339
10382
10406
10470
10555
10597
10601
10604
10605
10655
10656
10657
10658
10659
10660
10661
10669
10677
10795
10858
10885
10888
10934
11014
11016
11068
11096
11167
11219
11222
11223
11226
11273
11334
11360
11397
11424
11441
11452
11519
11535
11537
11571
11622
11649
11664
11706
11729
11839
11860
12006
12035
12082
12083
12097
12105
12156
12192
12200
12205
12293
12414
12517
12525
12528
12589
12600
12611
12624
12628
12698
12739
12802
12892
12913
13012
13068
13081
13082
13101
13170
13189
13192
13205
13208
13213
13260
13268
13325
13499
13512
13529
13533
13558
13594
13599
13618
13687
13692
13741
13856
13884
14093
14105
14135
14138
14230
14293
14294
14305
14381
14385
14409
14433
14465
14470
14505
14537
14579
14586
14629
14631
14645
14777
14822
14827
14854
14858
14887
14946
14952
15083
15188
15266
15270
15308
15374
15425
15432
15440
15442
15698
15747
15763
15786
15805
15929
16043
16147
16155
16226
16265
16274
16452
16540
16568
16694
16697
16727
16737
16741
16870
16898
17020
17054
17170
17180
17188
17195
17205
17239
17241
17292
17297
17316
17473
17556
17558
17600
17641
17645
17685
17694
17732
17746
17862
17910
17978
17984
18077
18080
18136
18292
18297
18456
18489
18553
18573
18575
18700
18720
18944
19007
19061
19062
19066
19067
19075
19077
19081
19104
19129
19140
19253
19319
19332
19474
19475
19513
19575
19609
19634
19730
19757
19767
19814
19857
19930
19996
20005
20017
20051
20285
20396
20549
20612
20651
20782
20783
20790
20798
20806
20827
20832
20875
20928
20993
21032
21086
21120
21145
21156
21163
21184
21229
21236
21292
21402
21441
21442
21443
21515
21516
21519
21576
21590
21785
21807
21815
21874
21908
21920
21939
21940
21944
22041
22082
22109
22110
22251
22303
22429
22446
22462
22472
22492
22602
22608
22622
22624
22665
22725
22726
22771
22794
22827
22938
23023
23026
23036
23086
23087
23088
23104
23105
23120
23158
23206
23228
23261
23269
23277
23312
23322
23334
23366
23420
23434
23457
23488
23524
23530
23535
23572
23585
23605
23624
23652
23666
23692
23699
23700
23712
23715
23717
23718
23724
23725
23727
23730
23752
23828
23860
23861
23901
23939
23943
23952
23953
24021
24073
24142
24161
24177
24180
24184
24204
24241
24248
24265
24279
24288
24311
24379
24561
24571
24576
24585
24681
24739
24740
24746
24768
24790
24808
24827
24841
24892
24902
24904
24907
24908
24911
24912
24914
24915
24921
24931
24936
24937
24941
24944
24947
24953
24954
24960
24964
24968
24972
24996
25020
25097
25125
25171
25177
25193
25249
25294
25309
25324
25443
25508
25517
25528
25588
25674
25696
25809
25913
25914
25969
26002
26009
26036
26047
26070
26072
26102
26186
26231
26242
26250
26252
26263
26282
26288
26299
26303
26315
26318
26338
26341
26351
26374
26382
26451
26464
26498
26501
26504
26529
26548
26581
26584
26618
26644
26645
26769
26844
26865
26956
26971
26974
27024
27035
27038
27042
27080
27098
27148
27161
27205
27253
27377
27415
27439
27561
27563
27566
27649
27662
27681
27726
27732
27740
27744
27772
27824
27835
27838
27845
27893
27915
27920
27940
27988
28021
28022
28024
28068
28113
28244
28260
28268
28321
28332
28457
28486
28494
28500
28509
28526
28527
28534
28793
28808
28810
28816
28875
28942
29008
29059
29068
29117
29167
29210
29272
29288
29391
29402
29419
29497
29507
29508
29522
29525
29547
29549
29557
29600
29629
29661
29698
29705
29711
29735
29745
29749
29808
29809
29903
29967
30023
30112
30146
30161
30234
30235
30253
30260
30261
30267
30304
30312
30378
30410
30509
30524
30577
30597
30690
30703
30706
30724
30747
30749
30811
30812
30813
30826
30827
30880
30904
30906
30923
30940
30959
30967
31049
31061
31069
31082
31089
31124
31125
31227
31233
31241
31252
31254
31257
31273
31281
31283
31284
31304
31307
31325
31326
31351
31353
31445
31482
31521
31533
31554
31582
31601
31634
31641
31642
31645
31778
31801
31851
31861
31862
31932
31933
31957
31992
32017
32036
32037
32113
32115
32134
32210
32324
32412
32431
32556
32609
32626
32654
32879
32895
32896
32914
32933
32936
32955
32958
32966
32990
32996
33013
33020
33028
33029
33042
33216
33220
33222
33245
33246
33250
33253
33258
33266
33300
33364
33376
33405
33421
33426
33439
33454
33473
33520
33617
33631
33662
33668
33737
33745
33768
33775
33781
33788
33797
33833
33840
33894
33960
34065
34066
34068
34112
34157
34217
34231
34242
34307
34310
34315
34396
34425
34526
34542
34568
34591
34617
34733
34750
34759
34795
34836
34857
34886
34887
34903
34926
34931
34943
34961
34997
34998
35020
35048
35101
35104
35123
35139
35152
35174
35197
35206
35379
35441
35452
35487
35523
35556
35562
35634
35650
35708
35711
35746
35748
35762
35788
35803
35839
35854
35855
35866
35905
35921
35981
36027
36037
36049
36126
36188
36196
36199
36204
36205
36277
36342
36350
36365
36428
36457
36469
36486
36502
36566
36567
36571
36578
36618
36625
36761
36790
36835
36905
36940
36943
37046
37055
37066
37068
37087
37100
37115
37127
37178
37203
37207
37210
37218
37219
37270
37283
37320
37377
37388
37398
37432
37458
37466
37474
37540
37547
37566
37570
37572
37574
37586
37588
37640
37641
37756
37763
37795
37802
37807
37811
37820
37821
37823
37828
37834
37836
37839
37846
37857
37872
37879
37901
37921
37927
37932
37937
37960
37965
37968
38018
38025
38031
38084
38093
38105
38108
38110
38114
38137
38153
38170
38181
38195
38223
38226
38227
38253
38281
38310
38366
38379
38392
38442
38446
38453
38467
38469
38471
38472
38480
38483
38625
38648
38680
38756
38797
38876
38886
38932
38954
38994
39008
39036
39044
39085
39155
39195
39217
39246
39260
39275
39285
39290
39310
39328
39332
39363
39375
39402
39414
39419
39423
39447
39453
39520
39529
39630
39633
39642
39656
39715
39716
39726
39738
39743
39744
39756
39791
39794
39795
39809
39858
39859
39860
39861
39862
39871
39896
39904
39907
39923
39991
40047
40079
40092
40119
40120
40135
40148
40215
40243
40304
40320
40325
40336
40350
40352
40353
40358
40360
40363
40364
40365
40367
40368
40370
40372
40373
40384
40397
40399
40402
40452
40473
40478
40479
40480
40563
40590
40628
40643
40645
40647
40667
40706
40713
40748
40749
40767
40830
40885
40926
40952
40970
40994
41001
41020
41095
41148
41196
41211
41241
41302
41321
41348
41407
41459
41461
41462
41464
41468
41473
41489
41500
41508
41526
41530
41533
41570
41576
41577
41586
41590
41597
41630
41691
41721
41734
41786
41823
41850
41852
41903
41932
41989
42054
42100
42133
42145
42157
42161
42248
42307
42308
42309
42335
42383
42439
42440
42519
42585
42617
42672
42673
42685
42694
42700
42753
42770
42776
42777
42827
42887
42935
42958
42997
42999
43067
43087
43103
43109
43169
43172
43184
43237
43277
43338
43343
43360
43473
43487
43504
43557
43568
43594
43724
43892
43895
43979
44004
44019
44060
44102
44115
44178
44179
44201
44210
44274
44283
44310
44401
44402
44403
44407
44408
44410
44417
44419
44424
44426
44427
44429
44430
44432
44433
44441
44611
44694
44737
44746
44753
44771
44775
44801
44802
44803
44810
44811
44833
44834
44875
44927
44964
44969
45007
45009
45028
45081
45166
45176
45177
45178
45179
45205
45227
45265
45277
45332
45343
45493
45527
45614
45673
45738
45831
45860
45866
45907
45925
45926
45927
45928
45929
45942
45960
45961
45963
46070
46177
46182
46186
46189
46190
46216
46317
46318
46320
46328
46373
46496
46558
46608
46644
46674
46677
46697
46727
46763
46764
46765
46923
46926
46929
46930
46931
46933
46935
46938
46939
46940
46941
46942
46949
46951
46981
46993
46995
46998
47001
47002
47010
47014
47027
47062
47162
47181
47205
47210
47211
47212
47249
47258
47293
47302
47405
47407
47409
47418
47484
47509
47547
47573
47602
47712
47733
47734
47785
47788
47789
47790
47798
47822
47836
47837
47838
47868
47873
47874
48001
48056
48126
48129
48144
48231
48240
48245
48260
48282
48325
48360
48393
48436
48498
48501
48504
48509
48722
48732
48742
48743
48779
48802
48820
48831
48893
48912
48916
48925
48970
48977
48979
48985
48987
48988
49002
49003
49010
49022
49063
49064
49113
49230
49231
49232
49350
49366
49425
49449
49492
49583
49588
49656
49717
49719
49772
49774
49796
49840
49966
50030
50132
50139
50158
50308
50332
50502
50607
50630
50658
50676
50749
50832
50851
50904
50935
50971
50985
50988
51004
51023
51027
51039
51046
51053
51109
51111
51133
51160
51259
51286
51292
51486
51511
51531
51540
51625
51662
51822
51898
51954
51958
51964
52058
52075
52091
52093
52094
52143
52144
52148
52247
52274
52278
52310
52326
52352
52419
52421
52543
52573
52604
52735
52773
52774
52777
52791
52918
52933
52941
53197
53215
53237
53239
53243
53297
53335
53343
53350
53376
53481
53507
53619
53732
53795
53851
53857
53860
53883
53967
53971
54002
54153
54164
54170
54247
54249
54293
54295
54334
54362
54365
54418
54439
54444
54457
54470
54620
54655
54744
54793
54797
54806
54831
54832
54947
54958
54969
55203
55216
55219
55480
55496
55502
55503
55527
55528
55845
55852
55856
55858
55863
55888
56122
56132
56163
56300
56331
56820
56849
56946
56948
57021
57066
57072
57118
57215
57340
57433
57438
57464
57622
57661
57697
57755
57899
57900
57923
57934
57951
57973
58107
58262
58293
58540
58637
58648
58707
58793
58796
58808
58862
58936
58960
59012
59068
59074
59156
59157
59214
59259
59280
59283
59284
59304
59423
59452
59504
59505
59597
59602
59662
59683
59704
59759
59761
59771
59772
59789
59793
59794
59903
59973
60027
60034
60052
60083
60132
60222
60292
60415
60465
60466
60542
60557
60573
60665
60669
60766
60799
60992
61015
61022
61118
61176
61263
61267
61269
61286
61312
61625
61641
61643
61700
61709
61746
61767
61815
61817
62058
62150
62156
62168
62425
62437
62508
62518
62593
62603
62628
62654
62666
62703
62753
62754
62755
62756
62771
62775
62836
62837
62863
62871
62876
62880
62899
62902
63083
63149
63155
63222
63286
63326
63513
63518
63519
63606
63641
63765
63830
63908
63941
64015
64052
64166
64245
64302
64414
64418
64508
64513
64517
64527
64530
64560
64563
64654
64665
64675
64676
64678
64698
64700
64711
64867
64869
64875
64906
64922
64924
64954
65104
65137
65249
65254
65315
65530
65819
65858
65875
65934
66112
66119
66129
66155
66170
66250
66379
66457
66467
66470
66478
66479
66480
66481
66482
66500
66548
66657
66667
66672
66681
66694
66724
66794
66800
66835
66873
66888
66939
66985
66991
67090
67131
67168
67183
67191
67192
67202
67260
67288
67289
67314
67326
67364
67417
67451
67589
67617
67628
67715
67726
67768
67772
67821
67937
67977
68067
68104
68117
68147
68149
68159
68187
68279
68344
68504
68574
68584
68592
68607
68609
68625
68708
68755
68829
68846
68882
68902
68903
68905
68909
68975
68983
69004
69020
69038
69241
69293
69301
69307
69336
69450
69483
69499
69520
69590
69685
69689
69696
69700
69765
69802
69817
69964
70135
70151
70181
70346
70388
70497
70804
70813
70823
70922
71140
71199
71201
71204
71226
71280
71491
71496
71510
71575
71613
71627
71662
71762
71772
71875
72008
72017
72024
72112
72113
72148
72173
72178
72257
72331
72332
72380
72381
72510
72568
72606
72624
72689
72697
72836
72847
72849
72912
72920
72924
72926
72948
73054
73176
73338
73367
73656
73731
73732
73830
73915
73999
74004
74035
74086
74168
74312
74409
74497
74557
74564
74759
75006
75008
75037
75260
75287
75426
75431
75432
75504
75582
75601
75603
75655
75854
76031
76081
76090
76158
76241
76370
76379
76388
76446
76485
76503
76568
76570
76574
76580
76764
76813
76926
76927
77006
77083
77098
77131
77198
77213
77302
77438
77439
77440
77442
77461
77502
77577
77582
77589
77592
77596
77609
77613
77614
77615
77618
77619
77620
77622
77623
77625
77627
77649
77653
77668
77686
77690
77691
77762
77765
77802
77850
77855
77856
77901
77929
77938
77950
77956
77965
78063
78125
78241
78279
78709
78712
78713
78880
78986
79016
79030
79131
79135
79171
79172
79236
79253
79272
79277
79278
79279
79318
79356
79358
79369
79404
79411
79415
79546
79617
79774
79813
79905
79906
79942
79994
80023
80192
80228
80251
80290
80349
80353
80359
80479
80484
80595
80664
80688
80785
80797
80891
80922
80952
80973
80999
81058
81059
81101
81104
81106
81108
81110
81120
81130
81131
81138
81143
81146
81151
81177
81178
81181
81187
81207
81253
81257
81374
81441
81483
81504
81526
81612
81705
81712
81733
81750
81817
81850
81924
81926
82005
82045
82123
82254
82259
82330
82337
82356
82420
82422
82475
82536
82584
82630
82654
82685
82724
82832
82845
82857
82950
82992
83041
83042
83187
83234
83293
83440
83457
83523
83641
83728
83898
84010
84029
84129
84198
84239
84308
84338
84477
84533
84566
84567
84670
84747
84766
84777
84857
84918
84924
84980
84986
85112
85154
85162
85173
85267
85274
85320
85415
85465
85520
85658
85676
85677
85679
85754
85799
85804
85806
85812
85950
86127
86283
86438
86622
86644
86699
86845
86896
86968
86987
87056
87077
87080
87169
87172
87175
87227
87252
87256
87311
87339
87386
87399
87483
87492
87493
87551
87620
87641
87764
87871
87920
87921
87922
88020
88055
88117
88167
88282
88292
88304
88307
88341
88396
88439
88452
88686
88712
88806
88854
88948
89015
89328
89352
89422
89510
89517
89520
89521
89522
89523
89524
89526
89537
89784
89796
89799
89909
89942
89977
90069
90138
90267
90269
90271
90296
90365
90391
90488
90744
90772
90774
90809
90880
90907
91115
91213
91266
91324
91379
91380
91470
91474
91817
91885
92011
92189
92322
92418
92483
92507
92519
92543
92582
92782
92841
92893
92991
93251
93287
93367
93369
93381
93406
93541
93744
93850
93861
94020
94125
94204
94426
94519
94556
94557
94559
94560
94561
94630
94638
94639
94661
94668
94672
94676
94678
94684
94686
94689
94692
94715
94717
94723
94731
94778
94788
94789
94795
94799
94801
94918
94948
94975
95092
95104
95121
95127
95128
95135
95145
95148
95153
95164
95195
95401
95728
95921
95928
95991
96038
96081
96115
96172
96308
96355
96418
96663
96799
96889
96949
96973
96988
97026
97032
97142
97206
97207
97209
97213
97215
97221
97223
97227
97236
97245
97258
97274
97279
97280
97306
97311
97324
97395
97397
97411
97416
97431
97468
97478
97507
97521
97529
97538
97556
97764
97803
97870
97943
98136
98237
98276
98341
98394
98474
98475
98485
98543
98587
98769
98856
99108
99110
99121
99211
99315
99323
99328
99339
99346
99382
99392
99511
99574
99595
99596
99601
99605
99622
99625
99671
99673
99680
99681
99688
99789
99933
99939
99947
99958
99974
100086
100143
100151
100154
100211
100212
100389
100413
100430
100446
100555
100593
100613
100698
100714
100841
100846
101011
101143
101209
101210
101211
101233
101419
101630
101765
101863
101938
101980
102018
102020
102039
102125
102134
102161
102287
102288
102483
102534
102580
102632
102724
102872
102907
102995
103044
103287
103340
103377
103667
103695
103774
103797
103812
103846
103970
103996
104007
104027
104030
104038
104388
104828
105168
105254
105324
105333
105584
105609
105654
105666
105667
105743
105747
105829
105893
105956
106008
106017
106033
106127
106174
106207
106329
106369
106571
106628
106635
107019
107026
107030
107034
107115
107153
107192
107237
107409
107417
107543
107637
107717
107726
107749
107855
107861
107910
107998
108000
108002
108003
108019
108030
108071
108103
108115
108145
108147
108188
108221
108256
108352
108354
108542
108558
108666
108672
108755
108758
108761
108812
108814
108911
109053
109071
109145
109153
109258
109267
109280
109282
109285
109362
109582
109972
109984
110015
110027
110390
110425
110469
110533
110579
110594
110643
110766
111056
111326
111349
111419
111422
111440
111441
111447
111448
111462
111496
111574
111576
111578
111580
111650
111709
111801
111808
111809
111810
111811
111940
112072
112076
112100
112220
112349
112372
112440
112462
112637
112969
112999
113059
113091
113385
113507
113592
113731
113920
114025
114075
114076
114153
114491
114509
114511
114536
114544
114734
114800
114950
115463
115860
116033
116048
116223
116225
116298
116342
116477
116985
117015
117016
117025
117053
117216
117295
117317
117328
117461
117462
117465
117469
117698
117706
117894
118032
118044
118045
118063
118133
118134
118136
118209
118399
118403
118782
118871
118882
119141
119142
119181
119259
119316
119392
119393
119394
119697
119717
119759
119822
119949
120086
120195
120268
120269
120432
120528
120544
120583
120598
120601
120603
120610
120642
120723
120811
120836
120839
120842
120843
120846
120850
120856
120895
121030
121034
121099
121200
121307
121412
121862
121878
121880
122319
122353
122389
122437
122490
122493
122566
122981
123076
123115
123121
123237
123246
123356
123433
123533
123625
123755
123839
123852
124163
124276
124277
124278
124423
124659
124669
124978
125139
125148
125152
125176
125177
125326
125454
125474
125486
125701
125869
125986
126154
126353
126372
126807
126811
126860
126888
127023
127034
127046
127065
127068
127184
127210
127322
127346
127447
127487
127556
127633
127634
127637
127640
127645
127649
127654
127659
127660
127661
127662
127663
127664
127665
127667
127668
127723
127727
127733
127741
127777
127892
127981
127984
127995
128020
128046
128180
128440
128760
128771
128785
129030
129173
129250
129293
129332
129348
129366
129621
129955
129960
130111
130338
130396
130566
130718
130764
130902
130925
130986
131069
131230
131279
131348
131494
131495
131510
131544
131562
131679
131722
131750
131768
131850
131874
132113
132195
132240
132290
132299
132302
132442
132446
132484
132532
132604
132606
132687
132746
132748
132840
132931
133153
133277
133469
133488
133504
133520
133555
133559
133603
133609
133614
133618
133807
133824
133891
134048
134050
134067
134068
134072
134502
134523
134655
134717
134721
134742
134761
134881
134978
135053
135057
135091
135115
135117
135134
135269
135277
135279
135326
135522
135560
135587
135695
135697
135812
135816
136312
136683
136724
136746
136793
136911
137219
137363
137390
137401
137704
137756
137960
138320
138669
138855
138865
138868
138875
138880
138908
138911
138924
138928
138930
138944
138952
138972
138996
139007
139142
139144
139181
139197
139198
139231
139381
139506
139639
139672
139677
139719
139730
139741
139773
139969
139979
139999
140124
140176
140183
140188
140214
140299
140315
140332
140580
140755
140895
140901
140904
140982
141151
141277
141325
141501
141554
141617
141677
141874
141875
141876
141968
142057
142454
142482
142508
142662
142732
142882
142995
142999
143424
143434
143616
144030
144061
144071
144072
144249
144493
144524
144642
144798
144941
144992
145003
145543
145573
145733
145866
145990
146087
146110
146116
146532
146579
146608
147025
147079
147516
147686
147835
147900
148014
148016
148419
148527
148543
148804
148885
148899
149091
149316
149462
149540
149599
149775
149782
149801
149917
149966
150064
150142
150144
150159
150273
150558
150698
150850
151047
151134
151321
151359
151400
151481
151484
151582
151611
151640
151668
151683
151923
152116
152142
152168
152362
152402
152703
152777
152899
152960
152971
153050
153075
153312
153410
153434
153560
153751
153755
153884
154108
154199
154216
154238
154360
154417
154447
154511
154618
154652
154676
154735
154799
154851
155113
155521
155556
155562
155783
155827
156033
156319
156797
157085
157149
157165
157187
157203
157221
157386
157466
157468
157479
157516
157565
157626
157760
157771
157777
157784
157785
157794
157798
157830
157969
158008
158105
158396
158457
158932
158956
159073
159262
159438
159449
159551
159733
159917
160010
160212
160218
160444
160553
160609
160729
160853
161522
161713
161927
161954
162196
162342
162424
162908
162911
162913
162914
163063
163238
163354
163640
163772
163960
164105
164156
164955
164971
165063
165071
165179
165295
165758
165784
165973
166053
166164
166186
166222
166457
166731
167269
167494
167590
167591
167714
167826
167945
168844
168954
169121
169331
169441
169445
169599
169608
169932
169950
170019
170070
170124
170237
170239
170755
170942
171023
171356
171770
172014
172595
173014
173020
173021
173022
173023
173026
173030
173053
173056
173184
174405
174609
174750
174781
174829
175103
175234
175495
175575
175710
175733
175827
175857
175957
176245
176273
176293
176304
176502
176632
176644
176742
177093
177095
177098
177182
177195
177552
177636
177646
177709
177944
177972
178013
178085
178441
178751
178841
179160
179281
179473
179682
179968
180230
180342
180406
180884
180929
180970
181042
181054
181059
181077
181127
181805
181830
181867
181897
181915
181946
182064
182155
182346
182458
182469
182539
182993
183074
183180
183189
183332
183515
183925
184408
184418
184506
184558
184570
184971
185023
185043
185060
185084
185177
185332
185334
185338
185359
185377
185457
185680
185694
185743
185745
185761
185871
185872
185873
186061
186087
186252
186253
186311
186572
187034
187227
187265
187351
187372
187882
187912
187944
188087
188097
188118
188125
188181
188301
188595
188597
188603
188868
188892
188981
189001
189146
189314
189329
189628
189632
189666
189911
190441
190508
190700
190856
190982
190986
190987
191057
191180
191208
191349
191725
192200
192638
193312
193529
193717
193969
194139
194220
194389
194636
194643
194653
194979
194996
194997
194998
195000
195001
195002
195003
195004
195005
195006
195056
195377
195520
195817
195828
195834
195878
196069
196093
196300
196307
196334
196628
196630
196631
196635
196743
196753
196837
197142
197204
197213
197464
197481
197483
197485
197663
197687
197722
197923
197933
197951
198026
198103
198279
198281
198375
198391
198392
198399
198499
198666
198668
198679
198700
198786
198791
198894
198919
198921
199013
199016
199017
199018
199019
199033
199045
199070
199071
199072
199215
199218
199376
199386
199429
199844
199937
199987
200017
200152
200288
200549
200561
200580
200707
200748
200818
200819
201275
201415
201434
201707
201882
202145
202789
203281
203745
204453
204527
204642
204882
204952
205313
205706
205805
205959
206024
206025
206071
206153
206523
206604
206769
207185
207264
207492
207587
208200
208537
208859
208974
209315
209500
209573
209615
209853
209937
210008
210152
210166
210599
210952
211037
211491
211529
212122
212263
212512
213144
213638
213984
214027
214047
214584
215837
215957
216627
216661
216697
216843
217126
217432
217806
217851
218108
218381
218437
218622
219204
219530
219623
219963
220079
220200
220304
220693
220945
221147
222014
222235
222355
222392
222430
222599
222700
222743
222848
223483
223593
223635
224029
224399
224916
224958
224959
225247
225716
226593
226814
226926
227039
227338
227876
228635
228921
228950
228983
229004
229527
229550
229842
229943
230244
230361
231035
231285
231568
231595
232125
232297
232396
232657
232660
232731
232735
232750
232920
232990
233252
233278
233413
233437
233465
233629
233719
233796
233941
234316
234542
234977
234981
234999
235052
235112
235118
235120
236140
236589
236933
237547
237955
238119
238825
238848
238861
239206
239279
239347
239352
239404
239420
239506
239674
239834
240048
240162
240486
240493
240678
241031
241034
241035
241036
241251
241495
241914
242228
242252
242622
243101
243162
243163
243185
243284
243584
243609
244458
244895
245254
245777
246080
247848
248254
249471
249474
249511
250660
250714
250914
251068
251346
251572
251629
251817
251844
252039
252920
252951
253207
253667
253674
253714
253727
253760
253761
253762
253764
254449
254475
254664
254682
254694
254721
254801
255060
255123
255484
255897
255932
256571
256573
256677
256818
257510
257695
257714
258377
259064
259093
259095
259247
259413
259705
259892
260318
260615
260621
260994
261002
261003
261060
262393
262522
262768
262820
263602
263619
263784
263889
263997
264184
264548
265191
265448
265576
266092
266094
266099
266247
266487
266669
266684
266870
266886
267237
267241
267318
267386
267616
268675
269067
269167
269168
269594
270114
270119
270371
270908
271139
271228
271526
271639
272334
272366
273190
273192
274019
274400
274698
274796
276097
276467
276744
276941
277031
278167
278170
278844
279250
279541
280064
280068
280220
280333
280550
280563
280814
281051
281223
281557
281794
281951
281953
281980
282755
283330
283414
283427
283962
284769
284793
284895
285437
285554
285569
285916
286180
286221
286224
286227
287136
287179
287374
287378
287539
287803
288385
288435
288702
288847
288925
289306
289307
289361
289655
290214
290430
290615
290618
290698
290810
291275
291282
291459
291787
291996
292615
292860
292981
292982
292983
294204
294552
294856
294970
295049
295122
295200
295208
295320
295638
296585
296784
296794
297046
297092
297218
297392
297449
297529
297566
297760
297998
298026
298066
298281
299458
299573
299631
299667
300067
300536
300744
300805
300976
301180
301242
301937
302051
302310
302832
302935
303241
303313
303617
303698
303755
304168
304189
304193
304473
304744
304792
304827
304927
305103
306571
306693
306918
307002
307407
307758
308978
309932
310641
310800
311099
311259
311430
311707
312014
312347
312474
312605
312606
312867
313036
313041
313043
313045
313084
313148
313308
313918
314063
314069
314073
314075
314076
314077
314227
314407
315363
315908
315909
316372
316627
316828
316831
317224
318127
318255
318433
318448
318471
318553
318560
318607
318609
319006
319069
319100
319260
319722
319916
319926
319929
320115
320232
320349
320511
320530
320715
320875
320878
320986
321373
321592
321717
321844
322331
322494
322543
322696
322700
324237
324273
324484
325103
325437
325523
326065
326501
327079
327190
327423
327485
328203
328351
328554
328858
329534
330357
330415
330680
330960
331859
333226
333406
333465
333803
333923
334178
334225
334558
334819
335012
335173
335429
335626
336201
336833
336860
337077
337181
337514
337680
337955
337977
338341
338449
338871
338983
339000
339173
339223
339752
339867
339980
339993
340145
340440
341065
341375
341650
341851
342053
342074
342123
342601
342687
342858
343584
343679
343935
344674
346831
346872
347234
347235
347338
347389
347599
348278
348704
348883
348944
349276
349308
349390
349405
349517
349665
349782
349875
349880
350037
350347
350375
350396
350413
350523
350614
350766
351071
351381
351383
351410
351506
351915
351956
352444
352445
352446
352447
352448
352465
352785
353727
353759
354147
355283
355326
355329
355568
356677
356678
356679
356685
356687
356688
356689
356694
356696
356697
357419
357450
357649
357998
361045
361079
361339
361559
361869
362049
362743
363242
363257
364463
364539
364947
365010
365041
365129
365233
365264
365286
365372
365380
365664
365692
365820
366280
366281
366330
366453
366960
367231
367536
367587
367671
367672
368625
368895
368917
369294
369295
369474
369527
369654
372568
372588
372948
373863
374271
374286
377287
377288
377318
377324
378028
378724
379095
380114
381015
381449
381982
382805
383080
383110
383358
383787
383789
383899
384717
384803
385122
385237
385284
385550
385989
386028
386272
386453
386518
387049
387670
387797
388013
388074
390677
391281
391389
391710
391927
391968
392145
392858
393098
393444
393516
393609
393715
393734
393829
393932
394030
394031
394032
394038
394039
394040
394530
394531
394547
394548
394549
394551
394578
394721
394723
394724
394725
394726
394728
394950
395016
395020
395021
395034
395035
395036
395037
395038
395227
395228
395229
395231
395233
395234
395235
395236
395237
395558
395561
395567
395572
395778
395862
395866
395868
395985
395987
395989
395990
395991
395992
395994
395997
396524
396634
396823
397157
397158
397465
397467
397757
398995
399066
399087
399181
399183
399455
400032
400668
400965
401032
401233
401262
402260
402507
402605
403885
403917
403923
404147
404471
404477
404700
404705
404856
405056
405270
405317
405528
406274
406277
406347
406709
406786
407056
407224
407349
407382
407759
407985
408009
408124
408247
408334
408387
408555
408966
409142
409596
409704
409705
409707
409719
409723
409906
410056
410371
411529
411608
411953
412189
412623
413467
413967
415448
416022
416198
416264
416915
417005
417247
417950
418384
418692
419421
419906
420263
420510
420726
421199
421969
422307
422494
422780
424166
424214
424266
424388
424452
424581
424654
424745
425411
425413
425419
425759
425949
425950
425982
426112
426868
426963
426979
427206
427832
428139
428143
428706
428739
428808
428856
429182
429416
429427
429498
429804
429954
430267
430286
430469
430487
430574
430750
431158
431860
432147
432515
432575
432689
432845
432971
433295
433373
433426
433691
433715
433759
433783
433932
434011
434604
434745
434747
434862
434878
434881
434886
434934
435772
435999
436581
436677
436934
436997
437129
437398
437556
437762
438266
439085
439090
439514
439733
439807
439874
441217
441272
441495
442070
443146
443191
443410
444002
444032
444284
444354
444809
444870
445173
445352
445424
445606
446437
449295
450978
451786
452135
452934
453253
453699
454023
454720
454818
456822
457135
457498
457547
458092
458184
458364
458377
458852
459446
460068
461326
461365
461455
462725
462940
462994
463329
463477
463807
465139
465677
466244
466246
466379
466380
467296
468917
469585
470312
470315
471349
471643
471951
471952
471953
471955
471958
471959
471961
472503
472845
473034
473341
473650
473651
473653
473655
473656
473863
473922
473923
473924
473925
473926
473927
474524
475239
475535
476042
476256
476293
477340
477566
477789
478350
479017
479198
479440
479559
480070
480071
480682
482077
483566
483606
483814
483987
484727
484933
486175
486176
486440
486692
486693
486694
487016
487278
487664
487790
488420
488811
488812
488813
488942
490154
490534
490972
491071
491073
491075
491076
491541
491700
492752
492776
493131
493212
493214
493648
494856
495342
495348
495369
495874
495877
495902
495903
497144
497199
497312
497368
499304
499305
499306
499307
499311
499312
499313
499314
499315
499316
499317
499318
499319
499320
499639
499716
499863
500209
501298
501577
501631
502254
505978
506009
506108
506137
506229
506239
507013
507111
507579
507614
507615
507666
507865
507866
508257
508777
508953
509172
509629
510400
511369
511746
512892
513863
514920
514975
515597
515755
515917
516003
516372
516924
517109
517987
518161
518316
519444
519450
519652
520300
521666
521969
522022
522286
525428
525917
526010
526849
527754
527854
528003
528139
528259
528820
528984
529118
529432
530188
530268
530963
531061
531222
531690
531942
531946
532079
532080
532245
532441
532616
532996
533330
534214
534284
534449
534596
534736
534944
535094
535242
535638
536071
536269
536271
536673
537029
537088
537247
537346
537911
538133
538211
538300
538429
538656
538995
539065
539104
539163
539166
539312
539429
539509
539511
539589
539710
540154
540490
540873
541398
542780
542811
543202
543470
543623
543991
544200
544817
544898
544992
545112
545113
545194
546083
546404
546456
546645
546736
546819
547167
547208
548002
548265
548309
548546
548553
548683
548734
548783
548800
548887
549219
549470
549616
549622
549674
549831
549873
549876
549899
549988
549989
550004
550044
550334
550376
550394
550508
550737
550896
550913
551002
551036
551291
551345
551407
551600
551601
551614
551669
551728
551931
552261
552282
552456
553025
553467
553520
557993
558226
558292
558313
558334
558700
558910
558917
559047
559294
559359
559504
559575
559681
559685
559700
559777
559815
559848
560113
560194
560238
560431
560601
560836
561416
561607
561769
562077
562100
562202
562290
562561
562564
562592
562641
562642
562654
562662
562668
563199
563233
563269
563271
563425
563999
564329
564554
564628
564677
564684
564696
564728
564867
565071
565102
565351
565458
565647
565912
566507
566584
566615
566616
566619
566759
566771
566791
566796
566851
566866
566879
566881
566884
566939
566943
566944
566945
566976
566982
566996
567009
567020
567084
567146
567148
567156
567206
567262
567264
567286
567335
567365
567411
567438
567481
567492
567553
567560
567567
567599
567645
567692
567739
567740
567779
567794
567830
567975
567977
568009
568050
568062
568088
568147
568188
568199
568263
568267
568327
568409
568412
568472
568584
568607
568611
568615
568656
568822
568987
569027
569028
569666
569738
569800
569835
569845
569847
569879
570001
570011
570017
570024
570029
570098
570168
570172
570245
